,Entity,Year,Annual CO2 growth (abs),Per capita CO2 emissions
0,Asia,1900.0,5368233.0,0.049637913
1,Asia,1901.0,6386427.0,0.056336306
2,Asia,1902.0,2108363.0,0.058282993
3,Asia,1903.0,4504743.0,0.062797635
4,Asia,1904.0,7070999.0,0.070016946
5,Asia,1905.0,1200299.0,0.07085772
6,Asia,1906.0,22219538.0,0.094041849
7,Asia,1907.0,6874035.0,0.100727219
8,Asia,1908.0,11850215.0,0.112539658
9,Asia,1909.0,-131012.0,0.111628929
10,Asia,1910.0,-1296933.0,0.109456477
11,Asia,1911.0,16502623.0,0.125604126
12,Asia,1912.0,-8278077.0,0.116048247
13,Asia,1913.0,11459407.0,0.12656164
14,Asia,1914.0,7248997.0,0.132644839
15,Asia,1915.0,-4043183.0,0.12740004
16,Asia,1916.0,10488850.0,0.136516238
17,Asia,1917.0,11987792.0,0.146934448
18,Asia,1918.0,2636384.0,0.14815184
19,Asia,1919.0,16583207.999999998,0.162634471
20,Asia,1920.0,-7949310.0,0.153766533
21,Asia,1921.0,-3560203.0,0.149296981
22,Asia,1922.0,9705302.0,0.157428863
23,Asia,1923.0,16957425.0,0.172165418
24,Asia,1924.0,14793362.0,0.184689571
25,Asia,1925.0,3174454.0,0.18637726
26,Asia,1926.0,2321905.0,0.187246336
27,Asia,1927.0,20000533.0,0.204056219
28,Asia,1928.0,10642202.0,0.212216878
29,Asia,1929.0,11068099.0,0.220463957
30,Asia,1930.0,897397.0,0.219291273
31,Asia,1931.0,-8879527.0,0.209277519
32,Asia,1932.0,381103.0,0.207332953
33,Asia,1933.0,24346333.0,0.225968175
34,Asia,1934.0,35989631.0,0.254106694
35,Asia,1935.0,26255407.0,0.273572662
36,Asia,1936.0,32068066.0,0.297411112
37,Asia,1937.0,21462200.0,0.312076262
38,Asia,1938.0,13926180.0,0.320297059
39,Asia,1939.0,22927074.0,0.335650996
40,Asia,1940.0,56550802.0,0.377477627
41,Asia,1941.0,4138410.000000001,0.37713441
42,Asia,1942.0,-41102501.0,0.341401557
43,Asia,1943.0,-5123272.0,0.334286874
44,Asia,1944.0,8353602.0,0.337873339
45,Asia,1945.0,-112379715.0,0.249280368
46,Asia,1946.0,-11116176.0,0.23852337
47,Asia,1947.0,62466949.0,0.28257383
48,Asia,1948.0,-2297139.0,0.277698029
49,Asia,1949.0,87394650.0,0.336881641
50,Asia,1950.0,20109018.0,0.34450297
51,Asia,1951.0,-19920106.0,0.323205978
52,Asia,1952.0,50581840.0,0.351345795
53,Asia,1953.0,36744650.0,0.369363107
54,Asia,1954.0,52909912.0,0.397396726
55,Asia,1955.0,84366488.0,0.44462484
56,Asia,1956.0,75697953.0,0.484414364
57,Asia,1957.0,95579232.0,0.534796012
58,Asia,1958.0,295365948.0,0.704831236
59,Asia,1959.0,236538227.0,0.832754851
60,Asia,1960.0,145645506.0,0.901943454
61,Asia,1961.0,-144587869.0,0.800976461
62,Asia,1962.0,-50744393.0,0.756291537
63,Asia,1963.0,80832519.0,0.785275291
64,Asia,1964.0,81745909.0,0.812519173
65,Asia,1965.0,143048255.0,0.869738445
66,Asia,1966.0,146107328.0,0.924597363
67,Asia,1967.0,28988947.0,0.916710321
68,Asia,1968.0,191108292.0,0.987814997
69,Asia,1969.0,271156773.0,1.093245149
70,Asia,1970.0,402720232.0,1.254844347
71,Asia,1971.0,258480573.0,1.342943746
72,Asia,1972.0,167189101.0,1.386184825
73,Asia,1973.0,229788369.0,1.454776403
74,Asia,1974.0,60520843.0,1.448602516
75,Asia,1975.0,169230520.0,1.488392589
76,Asia,1976.0,232058383.0,1.552717424
77,Asia,1977.0,245042208.0,1.620152395
78,Asia,1978.0,181344114.0,1.660146767
79,Asia,1979.0,173688203.0,1.695354745
80,Asia,1980.0,-1023773.0,1.662591334
81,Asia,1981.0,-26670626.0,1.620921772
82,Asia,1982.0,149405885.0,1.64421547
83,Asia,1983.0,181570517.0,1.677300739
84,Asia,1984.0,272187733.0,1.739739732
85,Asia,1985.0,296822173.0,1.807021203
86,Asia,1986.0,212992080.0,1.842178908
87,Asia,1987.0,226108354.0,1.879121177
88,Asia,1988.0,444587326.0,1.984558367
89,Asia,1989.0,214810277.0,2.013877682
90,Asia,1990.0,195409535.0,2.037388916
91,Asia,1991.0,314722588.0,2.097999438
92,Asia,1992.0,255100661.0,2.14015443
93,Asia,1993.0,338230284.0,2.206656974
94,Asia,1994.0,329518670.0,2.269298444
95,Asia,1995.0,312011329.0,2.32540167
96,Asia,1996.0,342490165.0,2.388761695
97,Asia,1997.0,112803610.0,2.386804877
98,Asia,1998.0,-262711745.0,2.28217662
99,Asia,1999.0,260055605.0,2.322294594
100,Asia,2000.0,421380561.0,2.404834552
101,Asia,2001.0,158891349.0,2.416302628
102,Asia,2002.0,519491480.0,2.521763058
103,Asia,2003.0,898446338.0,2.722455189
104,Asia,2004.0,987988596.0,2.941291018
105,Asia,2005.0,802820689.0,3.108530366
106,Asia,2006.0,825362097.0,3.277597026
107,Asia,2007.0,731622532.0,3.419893607
108,Asia,2008.0,788586914.0,3.572959648
109,Asia,2009.0,568621573.0,3.669974842
110,Asia,2010.0,1050540232.0,3.879599626
111,Asia,2011.0,1193269188.0,4.118529946
112,Asia,2012.0,718288140.0,4.242237394
113,Asia,2013.0,182468085.0,4.24043587
114,Asia,2014.0,307881195.0,4.267726664
115,Asia,2015.0,140947953.0,4.257388825
116,Asia,2016.0,103495011.0,4.239492826
117,Asia,2017.0,400303257.0,4.288284622
118,Asia,2018.0,543336211.0,4.368309165
119,Asia,2019.0,324750011.0,4.400260454
120,China,1903.0,1868640.0,0.000235184
121,China,1904.0,124576.0,0.004821833
122,China,1905.0,208848.0,0.005099291
123,China,1906.0,14813552.0,0.005577828
124,China,1907.0,-271136.0,0.041312085
125,China,1908.0,5891712.0,0.040432872
126,China,1909.0,-1894288.0,0.054273666
127,China,1910.0,-2088480.0,0.049418629
128,China,1911.0,9097712.0,0.044120656
129,China,1912.0,-18059856.0,0.065025453
130,China,1913.0,970960.0,0.022603429
131,China,1914.0,4349168.0,0.024574634
132,China,1915.0,981952.0,0.034133026
133,China,1916.0,1875968.0,0.03595468
134,China,1917.0,1886960.0,0.039708588
135,China,1918.0,1190800.0,0.043400232
136,China,1919.0,3213328.0,0.045502433
137,China,1920.0,2513504.0,0.051879241
138,China,1921.0,-1480256.0,0.056772612
139,China,1922.0,1344688.0,0.053312556
140,China,1923.0,5517984.0,0.055949025
141,China,1924.0,2942192.0,0.067302041
142,China,1925.0,-1872304.0,0.073201367
143,China,1926.0,-3631024.0,0.069051198
144,China,1927.0,3935136.0,0.06128683
145,China,1928.0,582059.0,0.069191898
146,China,1929.0,1696516.0,0.070144547
147,China,1930.0,2103740.0,0.073373474
148,China,1931.0,2332803.0,0.077309812
149,China,1932.0,-1656170.0,0.081565714
150,China,1933.0,3609731.0,0.077630962
151,China,1934.0,7059879.0,0.084327335
152,China,1935.0,8342451.000000001,0.097850317
153,China,1936.0,7358558.0,0.113823
154,China,1937.0,-4464568.0,0.127691091
155,China,1938.0,-5187994.0,0.118290082
156,China,1939.0,11810792.0,0.107577005
157,China,1940.0,18933225.0,0.129866287
158,China,1941.0,21470947.0,0.165628323
159,China,1942.0,6223063.0,0.205870369
160,China,1943.0,-16561926.0,0.216642551
161,China,1944.0,590162.0,0.184125033
162,China,1945.0,-47421801.0,0.184270533
163,China,1946.0,-19088062.0,0.094393709
164,China,1947.0,2294484.0,0.058298539
165,China,1948.0,-9717147.0,0.062249235
166,China,1949.0,35436009.0,0.043989565
167,China,1950.0,19309622.0,0.108548398
168,China,1951.0,23035434.0,0.141737516
169,China,1952.0,26369492.0,0.178304621
170,China,1953.0,5796835.0,0.219691335
171,China,1954.0,27094756.0,0.225465784
172,China,1955.0,29642873.0,0.266773813
173,China,1956.0,25302360.0,0.311186374
174,China,1957.0,39961253.0,0.347339189
175,China,1958.0,268832493.0,0.405571416
176,China,1959.0,195534678.0,0.819335852
177,China,1960.0,58827319.0,1.107563454
178,China,1961.0,-228020929.0,1.179542746
179,China,1962.0,-111616432.0,0.82115814
180,China,1963.0,-3824508.0,0.644099382
181,China,1964.0,186126.0,0.627240573
182,China,1965.0,38976902.0,0.615179191
183,China,1966.0,46778294.0,0.655437954
184,China,1967.0,-89235362.0,0.702382004
185,China,1968.0,35582086.0,0.566790363
186,China,1969.0,108139028.0,0.596633789
187,China,1970.0,194222519.0,0.714583978
188,China,1971.0,103849169.0,0.930602026
189,China,1972.0,54877591.0,1.029756773
190,China,1973.0,36752656.0,1.068325347
191,China,1974.0,19438610.0,1.085624395
192,China,1975.0,157016690.0,1.084341499
193,China,1976.0,48862616.0,1.233050444
194,China,1977.0,113438266.0,1.263374862
195,China,1978.0,150854718.0,1.361744475
196,China,1979.0,31855594.0,1.49686282
197,China,1980.0,-28226362.0,1.508026459
198,China,1981.0,-16104458.999999998,1.458756874
199,China,1982.0,127686046.0,1.422831316
200,China,1983.0,85342158.0,1.527768729
201,China,1984.0,146506613.0,1.588412587
202,China,1985.0,149456132.0,1.703236375
203,China,1986.0,100468758.0,1.814608779
204,China,1987.0,138811020.0,1.874169605
205,China,1988.0,156710488.0,1.963142074
206,China,1989.0,39121474.0,2.063561486
207,China,1990.0,33904452.0,2.060578029
208,China,1991.0,117240532.0,2.056948251
209,China,1992.0,115162133.0,2.127618647
210,China,1993.0,182603388.0,2.198697117
211,China,1994.0,174446928.0,2.326678588
212,China,1995.0,254814563.0,2.447311816
213,China,1996.0,143289627.0,2.63115627
214,China,1997.0,6202695.0,2.723113332
215,China,1998.0,-148646665.0,2.705673552
216,China,1999.0,-7767492.0,2.567569938
217,China,2000.0,91159893.0,2.542408874
218,China,2001.0,76848773.0,2.595244139
219,China,2002.0,356295502.0,2.637260195
220,China,2003.0,669870999.0,2.893206353
221,China,2004.0,673584120.0,3.385004921
222,China,2005.0,645274024.0,3.874198709
223,China,2006.0,606579576.0,4.336693901
224,China,2007.0,484002636.0,4.765171339
225,China,2008.0,513439255.0,5.097905885
226,China,2009.0,383621861.0,5.448698793
227,China,2010.0,741730927.0,5.700108973
228,China,2011.0,887656539.0,6.210165352
229,China,2012.0,245700069.0,6.820350561
230,China,2013.0,162627584.0,6.959874207
231,China,2014.0,23833328.0,7.038326376
232,China,2015.0,-137159504.0,7.017279991
233,China,2016.0,-130684166.0,6.8829047
234,China,2017.0,198209433.0,6.755435196
235,China,2018.0,205842545.0,6.861770126
236,China,2019.0,218112580.0,6.974106028
237,Africa,1900.0,-3187680.0,7.096383171
238,Africa,1901.0,1579184.0,0.019017294
239,Africa,1902.0,1916272.0,0.031663872
240,Africa,1903.0,2070160.0,0.046834931
241,Africa,1904.0,1014928.0,0.062992727
242,Africa,1905.0,1352016.0,0.070543364
243,Africa,1906.0,1454608.0,0.0806184
244,Africa,1907.0,1212784.0,0.091328626
245,Africa,1908.0,472656.0,0.100014887
246,Africa,1909.0,1982224.0,0.102857062
247,Africa,1910.0,2026192.0,0.117139786
248,Africa,1911.0,-545936.0,0.131520935
249,Africa,1912.0,1088208.0,0.126396421
250,Africa,1913.0,1652464.0,0.133485419
251,Africa,1914.0,-54960.0,0.144559132
252,Africa,1915.0,54960.0,0.142897973
253,Africa,1916.0,3649344.0,0.141994537
254,Africa,1917.0,2088480.0,0.166885212
255,Africa,1918.0,-619216.0,0.180204643
256,Africa,1919.0,718144.0,0.174159804
257,Africa,1920.0,2608768.0,0.17754487
258,Africa,1921.0,-65952.0,0.193913593
259,Africa,1922.0,-4015744.0,0.191568964
260,Africa,1923.0,5074640.0,0.162415264
261,Africa,1924.0,1586512.0,0.194729394
262,Africa,1925.0,1553536.0,0.20319725
263,Africa,1926.0,2253360.0,0.211239573
264,Africa,1927.0,-597232.0,0.223567056
265,Africa,1928.0,929615.0,0.217231974
266,Africa,1929.0,1031299.0,0.220635741
267,Africa,1930.0,-2105944.0,0.224557464
268,Africa,1931.0,-4231962.0,0.208896512
269,Africa,1932.0,-2840960.0,0.180309281
270,Africa,1933.0,1868378.0,0.160621576
271,Africa,1934.0,4048150.0,0.169250616
272,Africa,1935.0,3370262.0,0.190309599
273,Africa,1936.0,3106412.0,0.206753296
274,Africa,1937.0,2828310.0,0.221079126
275,Africa,1938.0,2168900.0,0.233280266
276,Africa,1939.0,2839764.0,0.241343432
277,Africa,1940.0,2796260.0,0.252671043
278,Africa,1941.0,4374272.0,0.263294285
279,Africa,1942.0,4799425.0,0.281687036
280,Africa,1943.0,1296743.0,0.301527163
281,Africa,1944.0,6513281.0,0.302929803
282,Africa,1945.0,894277.0,0.329991665
283,Africa,1946.0,632179.0,0.328585744
284,Africa,1947.0,-224621.0,0.325750859
285,Africa,1948.0,3798394.0,0.318770617
286,Africa,1949.0,5590385.0,0.330509926
287,Africa,1950.0,16099335.0,0.349618293
288,Africa,1951.0,6406252.0,0.415931802
289,Africa,1952.0,9016628.0,0.435815081
290,Africa,1953.0,1924733.0,0.465656192
291,Africa,1954.0,5346139.0,0.464162278
292,Africa,1955.0,11897723.0,0.476326982
293,Africa,1956.0,5443821.0,0.513882643
294,Africa,1957.0,6432640.0,0.524062004
295,Africa,1958.0,7849461.0,0.537128397
296,Africa,1959.0,-448633.0,0.554507685
297,Africa,1960.0,8780911.0,0.540188662
298,Africa,1961.0,5364866.0,0.559139229
299,Africa,1962.0,4311240.0,0.5647982
300,Africa,1963.0,9963334.0,0.566127821
301,Africa,1964.0,17154238.0,0.585761248
302,Africa,1965.0,19515069.0,0.627401021
303,Africa,1966.0,7260847.0,0.674074351
304,Africa,1967.0,15816511.0,0.680021322
305,Africa,1968.0,19869913.0,0.710979506
306,Africa,1969.0,20392696.0,0.751806581
307,Africa,1970.0,24293900.0,0.791529101
308,Africa,1971.0,29010425.0,0.839576614
309,Africa,1972.0,19784483.0,0.897439556
310,Africa,1973.0,25998731.0,0.927148767
311,Africa,1974.0,10105657.0,0.970650139
312,Africa,1975.0,-1855132.0,0.970920014
313,Africa,1976.0,32922870.000000004,0.94081706
314,Africa,1977.0,12741831.0,0.994480352
315,Africa,1978.0,28647076.0,0.997371228
316,Africa,1979.0,35936605.0,1.035160304
317,Africa,1980.0,36478105.0,1.086009112
318,Africa,1981.0,14655992.0,1.134330802
319,Africa,1982.0,21462843.0,1.133625512
320,Africa,1983.0,24017674.0,1.145829637
321,Africa,1984.0,54073701.0,1.161467869
322,Africa,1985.0,14461512.0,1.232884543
323,Africa,1986.0,25334223.0,1.225728215
324,Africa,1987.0,-1737033.0,1.237715002
325,Africa,1988.0,33644173.0,1.200544796
326,Africa,1989.0,-26312811.0,1.225299876
327,Africa,1990.0,-38723567.0,1.14837389
328,Africa,1991.0,29764347.0,1.055105573
329,Africa,1992.0,-17465353.0,1.07459969
330,Africa,1993.0,39020825.0,1.020160495
331,Africa,1994.0,11345788.0,1.052900309
332,Africa,1995.0,49779917.0,1.043218996
333,Africa,1996.0,9226468.0,1.088456335
334,Africa,1997.0,29596903.0,1.074665978
335,Africa,1998.0,25365470.0,1.088789263
336,Africa,1999.0,-7468204.0,1.096146539
337,Africa,2000.0,60640628.0,1.060148408
338,Africa,2001.0,-6696305.0,1.111251857
339,Africa,2002.0,5511812.0,1.076341544
340,Africa,2003.0,77204524.0,1.057136366
341,Africa,2004.0,66198561.99999999,1.12224753
342,Africa,2005.0,17009985.0,1.170824059
343,Africa,2006.0,39258934.0,1.161197455
344,Africa,2007.0,41981259.0,1.175361099
345,Africa,2008.0,52944597.0,1.190779674
346,Africa,2009.0,12063482.0,1.215842606
347,Africa,2010.0,20833995.0,1.197405323
348,Africa,2011.0,27825404.0,1.187557142
349,Africa,2012.0,5749621.0,1.183966137
350,Africa,2013.0,16482803.0,1.159041461
351,Africa,2014.0,91226993.0,1.144358928
352,Africa,2015.0,-45799306.0,1.196062208
353,Africa,2016.0,21838114.0,1.126062743
354,Africa,2017.0,53106386.0,1.116023431
355,Africa,2018.0,35021463.0,1.131664907
356,Africa,2019.0,22640996.0,1.13159312
357,Sweden,1900.0,36640.0,1.121464718
358,Sweden,1901.0,-648528.0,1.794330178
359,Sweden,1902.0,403040.0,1.655456201
360,Sweden,1903.0,879360.0,1.721525882
361,Sweden,1904.0,520288.0,1.877941854
362,Sweden,1905.0,-161216.0,1.964016327
363,Sweden,1906.0,1128512.0,1.91963109
364,Sweden,1907.0,1480256.0,2.117154307
365,Sweden,1908.0,982724.0,2.378484431
366,Sweden,1909.0,-1085546.0,2.542548329
367,Sweden,1910.0,447446.0,2.324526775
368,Sweden,1911.0,-324577.0,2.388114091
369,Sweden,1912.0,1394954.0,2.311164952
370,Sweden,1913.0,1765563.0,2.542564377
371,Sweden,1914.0,-968079.0,2.834308971
372,Sweden,1915.0,116471.0,2.640393046
373,Sweden,1916.0,830252.0,2.641384227
374,Sweden,1917.0,-9028283.0,2.767845903
375,Sweden,1918.0,1211728.0,1.191880859
376,Sweden,1919.0,-318150.0,1.394522782
377,Sweden,1920.0,2744858.0,1.334602744
378,Sweden,1921.0,-4408680.0,1.795794915
379,Sweden,1922.0,3993215.0,1.037569746
380,Sweden,1923.0,2167573.0,1.700637659
381,Sweden,1924.0,2348304.0,2.051648104
382,Sweden,1925.0,-1522904.0,2.43056338
383,Sweden,1926.0,-350211.0,2.166906625
384,Sweden,1927.0,5105463.0,2.100251648
385,Sweden,1928.0,-1629931.0,2.930361631
386,Sweden,1929.0,3124879.0,2.656052741
387,Sweden,1930.0,-437419.0,3.160717774
388,Sweden,1931.0,11928.0,3.083161566
389,Sweden,1932.0,-207364.0,3.078087266
390,Sweden,1933.0,780344.0,3.034861785
391,Sweden,1934.0,2215238.0,3.149716946
392,Sweden,1935.0,1131523.0,3.494253635
393,Sweden,1936.0,2183536.0,3.663854947
394,Sweden,1937.0,3894505.0,4.001037496
395,Sweden,1938.0,-2807100.0,4.609031656
396,Sweden,1939.0,3164924.0,4.14778745
397,Sweden,1940.0,-10825159.0,4.631736495
398,Sweden,1941.0,-3432959.0,2.907858337
399,Sweden,1942.0,-2019578.0,2.356086156
400,Sweden,1943.0,2813537.0,2.026835327
401,Sweden,1944.0,-3393400.0,2.4441414
402,Sweden,1945.0,-7892884.0,1.901090447
403,Sweden,1946.0,12826658.0,0.687824564
404,Sweden,1947.0,7716027.0,2.598064621
405,Sweden,1948.0,5708779.0,3.710152698
406,Sweden,1949.0,-3968973.0,4.502399942
407,Sweden,1950.0,1823662.0,3.873247835
408,Sweden,1951.0,4781163.0,4.087817118
409,Sweden,1952.0,1084217.0,4.72738032
410,Sweden,1953.0,-1972183.0,4.843010382
411,Sweden,1954.0,1945138.0,4.535785256
412,Sweden,1955.0,4601627.0,4.777553047
413,Sweden,1956.0,4279790.0,5.382839047
414,Sweden,1957.0,-4532189.0,5.937761807
415,Sweden,1958.0,3227745.0,5.286941745
416,Sweden,1959.0,317491.0,5.69218049
417,Sweden,1960.0,6782124.0,5.700429935
418,Sweden,1961.0,-371014.0,6.570963651
419,Sweden,1962.0,2473080.0,6.48067822
420,Sweden,1963.0,4040470.0,6.764193536
421,Sweden,1964.0,5055013.0,7.248467698
422,Sweden,1965.0,2194143.0,7.853267855
423,Sweden,1966.0,9955147.0,8.076712239
424,Sweden,1967.0,-3587621.0,9.286382379
425,Sweden,1968.0,8676292.0,8.751871381
426,Sweden,1969.0,8775102.0,9.77159796
427,Sweden,1970.0,5905892.0,10.79359403
428,Sweden,1971.0,-7778070.0,11.45711049
429,Sweden,1972.0,194446.0,10.43835907
430,Sweden,1973.0,2586410.0,10.42246844
431,Sweden,1974.0,-7466674.0,10.70777858
432,Sweden,1975.0,937334.0,9.76549266
433,Sweden,1976.0,7480775.0,9.852442479
434,Sweden,1977.0,-2500437.0,10.73102834
435,Sweden,1978.0,-6263894.0,10.39156575
436,Sweden,1979.0,5392151.0,9.602140268
437,Sweden,1980.0,-13154826.0,10.22518867
438,Sweden,1981.0,-2325159.0,8.623645984
439,Sweden,1982.0,-7131711.0,8.335024745
440,Sweden,1983.0,-3988394.0,7.474771281
441,Sweden,1984.0,-960130.0,6.993396063
442,Sweden,1985.0,5055884.0,6.871564269
443,Sweden,1986.0,-354207.0,7.461681024
444,Sweden,1987.0,-2314948.0,7.39541121
445,Sweden,1988.0,-2269536.0,7.088893837
446,Sweden,1989.0,-1904217.0,6.783938452
447,Sweden,1990.0,1827003.0,6.521238196
448,Sweden,1991.0,358398.0,6.694154897
449,Sweden,1992.0,-255733.0,6.690692522
450,Sweden,1993.0,41959.0,6.613501784
451,Sweden,1994.0,2460360.0,6.572933463
452,Sweden,1995.0,-587602.0,6.814481587
453,Sweden,1996.0,3936571.0,6.7186744
454,Sweden,1997.0,-5090226.0,7.14558957
455,Sweden,1998.0,484114.0,6.563598151
456,Sweden,1999.0,-2876509.0,6.616691016
457,Sweden,2000.0,-1135729.0,6.291012848
458,Sweden,2001.0,932628.0,6.156769646
459,Sweden,2002.0,955464.0,6.250512025
460,Sweden,2003.0,588047.0,6.341499832
461,Sweden,2004.0,-684648.0,6.385942018
462,Sweden,2005.0,-2623062.0,6.281383495
463,Sweden,2006.0,-178592.0,5.957833499
464,Sweden,2007.0,-733361.0,5.900864666
465,Sweden,2008.0,-2084908.0,5.777682418
466,Sweden,2009.0,-3624879.0,5.506279342
467,Sweden,2010.0,5811106.0,5.071525502
468,Sweden,2011.0,-3875322.0,5.648799042
469,Sweden,2012.0,-2474894.0,5.193503855
470,Sweden,2013.0,-1605672.0,4.892801739
471,Sweden,2014.0,-1748780.0,4.687703785
472,Sweden,2015.0,-800.0,4.471476991
473,Sweden,2016.0,-364190.0,4.437967742
474,Sweden,2017.0,-665749.0,4.368906568
475,Sweden,2018.0,-540633.0,4.271258556
476,Sweden,2019.0,1000435.0,4.188345668
477,Australia,1900.0,4382144.0,4.261321044
478,Australia,1901.0,1271408.0,2.715917672
479,Australia,1902.0,-43968.0,3.011388194
480,Australia,1903.0,-175872.0,2.958217755
481,Australia,1904.0,326096.0,2.872264362
482,Australia,1905.0,501968.0,2.91369306
483,Australia,1906.0,2311984.0,2.995148981
484,Australia,1907.0,1117520.0,3.513503012
485,Australia,1908.0,1278736.0,3.739282269
486,Australia,1909.0,-2202064.0,3.976756743
487,Australia,1910.0,2883568.0,3.383597556
488,Australia,1911.0,1802688.0,3.955570155
489,Australia,1912.0,1546208.0,4.258202051
490,Australia,1913.0,1604832.0,4.45356923
491,Australia,1914.0,2088480.0,4.653208462
492,Australia,1915.0,-2685712.0,4.980021068
493,Australia,1916.0,-2520832.0,4.393559048
494,Australia,1917.0,1487584.0,3.880832281
495,Australia,1918.0,2180080.0,4.163213035
496,Australia,1919.0,-1201792.0,4.528284725
497,Australia,1920.0,3993760.0,4.178707126
498,Australia,1921.0,-2579456.0,4.813886115
499,Australia,1922.0,1190800.0,4.230664696
500,Australia,1923.0,505632.0,4.358133048
501,Australia,1924.0,2220384.0,4.355463555
502,Australia,1925.0,1165152.0,4.644363696
503,Australia,1926.0,-381056.0,4.744536474
504,Australia,1927.0,1040576.0,4.585582685
505,Australia,1928.0,-2608194.0,4.664349852
506,Australia,1929.0,-2634238.0,4.168727947
507,Australia,1930.0,-1623093.0,3.695977485
508,Australia,1931.0,-2482944.0,3.402758132
509,Australia,1932.0,795683.0,2.990994957
510,Australia,1933.0,1238135.0,3.087204749
511,Australia,1934.0,1117133.0,3.249594886
512,Australia,1935.0,2531260.0,3.391732088
513,Australia,1936.0,1820621.0,3.741622373
514,Australia,1937.0,1806026.0,3.980307763
515,Australia,1938.0,-819221.0,4.210494113
516,Australia,1939.0,4106036.0,4.053826858
517,Australia,1940.0,-3103496.0,4.602884243
518,Australia,1941.0,5507051.0,4.11769297
519,Australia,1942.0,1957081.0,4.852212237
520,Australia,1943.0,-1512548.0,5.080884885
521,Australia,1944.0,-780611.0,4.825944822
522,Australia,1945.0,-1514302.0,4.6718141
523,Australia,1946.0,2725897.0,4.417082406
524,Australia,1947.0,2593459.0,4.72799144
525,Australia,1948.0,406169.0,5.001513583
526,Australia,1949.0,-773283.0,4.958043718
527,Australia,1950.0,17091728.0,4.735968626
528,Australia,1951.0,4290723.0,6.694221964
529,Australia,1952.0,1171975.0,7.028980233
530,Australia,1953.0,-766728.0,7.004229319
531,Australia,1954.0,8403939.0,6.767777613
532,Australia,1955.0,2835609.0,7.562827425
533,Australia,1956.0,2355358.0,7.710470325
534,Australia,1957.0,1486841.0,7.792309966
535,Australia,1958.0,3091881.0,7.772647335
536,Australia,1959.0,6099906.0,7.911943215
537,Australia,1960.0,4410743.0,8.346610529
538,Australia,1961.0,2384996.0,8.603680922
539,Australia,1962.0,4319559.0,8.663976259
540,Australia,1963.0,6110809.0,8.909466786
541,Australia,1964.0,7941503.0,9.306986077
542,Australia,1965.0,11976902.0,9.839653592
543,Australia,1966.0,-633367.0,10.6826367
544,Australia,1967.0,8924910.0,10.36999068
545,Australia,1968.0,5352688.0,10.85245479
546,Australia,1969.0,7626902.0,11.00989686
547,Australia,1970.0,5355967.0,11.35264813
548,Australia,1971.0,5149767.0,11.52816142
549,Australia,1972.0,4706009.0,11.7110056
550,Australia,1973.0,13491849.0,11.87976027
551,Australia,1974.0,1361992.0,12.71794178
552,Australia,1975.0,3524540.0,12.655401
553,Australia,1976.0,-1639229.0,12.75785421
554,Australia,1977.0,13530169.0,12.49100868
555,Australia,1978.0,14215313.0,13.3119184
556,Australia,1979.0,3049396.0,14.16381353
557,Australia,1980.0,15661426.0,14.21422154
558,Australia,1981.0,9601642.0,15.11728825
559,Australia,1982.0,3756003.0,15.57370529
560,Australia,1983.0,-9103632.0,15.61443661
561,Australia,1984.0,11576178.0,14.793354
562,Australia,1985.0,4626780.0,15.325241
563,Australia,1986.0,-1265753.0,15.38482967
564,Australia,1987.0,16128005.000000002,15.05982027
565,Australia,1988.0,5028572.0,15.80981425
566,Australia,1989.0,16606812.000000002,15.85696548
567,Australia,1990.0,939052.0,16.60198684
568,Australia,1991.0,1448000.0,16.41558045
569,Australia,1992.0,5039778.0,16.28207924
570,Australia,1993.0,4322748.0,16.37239616
571,Australia,1994.0,4779775.0,16.43101664
572,Australia,1995.0,11395206.0,16.51862245
573,Australia,1996.0,6951419.0,16.97383243
574,Australia,1997.0,8433500.0,17.17310385
575,Australia,1998.0,13889432.0,17.44684212
576,Australia,1999.0,9379248.0,18.00637639
577,Australia,2000.0,6131258.0,18.31295327
578,Australia,2001.0,7474159.0,18.44005181
579,Australia,2002.0,4540363.0,18.63345574
580,Australia,2003.0,7516472.0,18.6696328
581,Australia,2004.0,13479104.0,18.84050234
582,Australia,2005.0,3308332.0,19.27591157
583,Australia,2006.0,6167192.0,19.15424223
584,Australia,2007.0,7161815.0,19.1308899
585,Australia,2008.0,4574946.0,19.11658352
586,Australia,2009.0,3045921.0,18.95825084
587,Australia,2010.0,-1960529.0,18.73308482
588,Australia,2011.0,-1330042.0,18.30299251
589,Australia,2012.0,2333485.0,17.93294689
590,Australia,2013.0,-8563063.0,17.74826415
591,Australia,2014.0,-3826287.0,17.11215562
592,Australia,2015.0,7437865.0,16.70269927
593,Australia,2016.0,9476774.0,16.77898868
594,Australia,2017.0,4065897.0,16.94067226
595,Australia,2018.0,856519.0,16.88417442
596,Australia,2019.0,-4938280.0,16.70631966
597,South America,1900.0,-549600.0,16.30820406
598,South America,1901.0,3235312.0,0.076431036
599,South America,1902.0,978288.0,0.151455897
600,South America,1903.0,296784.0,0.171212927
601,South America,1904.0,989280.0,0.174529845
602,South America,1905.0,545936.0,0.19307588
603,South America,1906.0,3118064.0,0.201127663
604,South America,1907.0,355408.0,0.263824874
605,South America,1908.0,2202064.0,0.266278556
606,South America,1909.0,-1480256.0,0.306261376
607,South America,1910.0,3839872.0,0.270249155
608,South America,1911.0,1916272.0,0.340607704
609,South America,1912.0,828064.0,0.37086587
610,South America,1913.0,1132176.0,0.378948545
611,South America,1914.0,-3927808.0,0.392195992
612,South America,1915.0,-2106800.0,0.31286476
613,South America,1916.0,-1469264.0,0.269229358
614,South America,1917.0,-2751664.0,0.238494138
615,South America,1918.0,131904.0,0.186828861
616,South America,1919.0,1901616.0,0.185700342
617,South America,1920.0,1740400.0,0.213816487
618,South America,1921.0,-212512.0,0.238118207
619,South America,1922.0,2733344.0,0.230144858
620,South America,1923.0,2597776.0,0.26830026
621,South America,1924.0,4572672.0,0.302601276
622,South America,1925.0,2051840.0,0.36495343
623,South America,1926.0,996608.0,0.387674148
624,South America,1927.0,2700368.0,0.394218297
625,South America,1928.0,1346390.0,0.424389544
626,South America,1929.0,2996500.0,0.43447425
627,South America,1930.0,-6492637.0,0.466636969
628,South America,1931.0,-2646152.0,0.371498799
629,South America,1932.0,3674605.0,0.330228896
630,South America,1933.0,3938383.0,0.371497448
631,South America,1934.0,4358921.0,0.414664574
632,South America,1935.0,3823961.0,0.461479848
633,South America,1936.0,-1484900.0,0.500023102
634,South America,1937.0,10565220.0,0.473514384
635,South America,1938.0,-3888933.0,0.589258969
636,South America,1939.0,787582.0,0.533635729
637,South America,1940.0,3656319.0,0.532597041
638,South America,1941.0,35869.0,0.56272541
639,South America,1942.0,-2586371.0,0.551858679
640,South America,1943.0,403309.0,0.512893808
641,South America,1944.0,5296867.0,0.506399708
642,South America,1945.0,270779.0,0.549757585
643,South America,1946.0,64638859.0,0.540751943
644,South America,1947.0,-56668940.0,1.160853794
645,South America,1948.0,7397018.0,0.593644625
646,South America,1949.0,1320544.0,0.649301113
647,South America,1950.0,41745120.0,0.642246096
648,South America,1951.0,18706420.0,0.989719911
649,South America,1952.0,10187296.0,1.123708938
650,South America,1953.0,-831511.0,1.178714902
651,South America,1954.0,10409495.0,1.14065064
652,South America,1955.0,19024296.0,1.192580027
653,South America,1956.0,14101969.0,1.307282971
654,South America,1957.0,8735581.0,1.37842866
655,South America,1958.0,-14166806.0,1.405888005
656,South America,1959.0,18237728.0,1.268417343
657,South America,1960.0,2166326.0,1.361042965
658,South America,1961.0,2627869.0,1.339633556
659,South America,1962.0,13879747.0,1.321330024
660,South America,1963.0,3758937.0,1.374763569
661,South America,1964.0,10780846.0,1.361804301
662,South America,1965.0,9955122.0,1.391460663
663,South America,1966.0,11895536.0,1.414411737
664,South America,1967.0,15336337.0,1.44706729
665,South America,1968.0,20277272.0,1.49709367
666,South America,1969.0,23627351.0,1.571457831
667,South America,1970.0,26588867.0,1.65993635
668,South America,1971.0,8692770.0,1.759511473
669,South America,1972.0,15993745.0,1.763329234
670,South America,1973.0,30078259.0,1.803119028
671,South America,1974.0,23815556.0,1.909202419
672,South America,1975.0,-4594217.0,1.980147405
673,South America,1976.0,7272471.0,1.914925626
674,South America,1977.0,15399127.0,1.905573204
675,South America,1978.0,26397609.0,1.931905611
676,South America,1979.0,32775285.0,2.004042448
677,South America,1980.0,14212111.0,2.099301518
678,South America,1981.0,-19067184.0,2.112353386
679,South America,1982.0,1298035.0,1.988658033
680,South America,1983.0,-4797732.0,1.950650883
681,South America,1984.0,6132888.0,1.890058204
682,South America,1985.0,10124932.0,1.873528665
683,South America,1986.0,28110286.0,1.87260684
684,South America,1987.0,27316901.0,1.937634245
685,South America,1988.0,22937604.0,1.997358294
686,South America,1989.0,-506520.0,2.039501338
687,South America,1990.0,3662151.0,1.99931807
688,South America,1991.0,7071359.0,1.974805328
689,South America,1992.0,9027227.0,1.962707071
690,South America,1993.0,34621921.0,1.957586289
691,South America,1994.0,18703420.0,2.035005077
692,South America,1995.0,32794050.0,2.059656185
693,South America,1996.0,31200655.0,2.127322938
694,South America,1997.0,41001234.0,2.187978633
695,South America,1998.0,53749003.0,2.276317087
696,South America,1999.0,16406163.0,2.399950883
697,South America,2000.0,-20411185.0,2.411677955
698,South America,2001.0,11456787.0,2.318156341
699,South America,2002.0,9453381.0,2.318341433
700,South America,2003.0,3196518.0,2.313714791
701,South America,2004.0,8678651.0,2.292732796
702,South America,2005.0,39767061.0,2.287982558
703,South America,2006.0,8684487.0,2.367716549
704,South America,2007.0,17362085.0,2.363672018
705,South America,2008.0,68128848.0,2.38325022
706,South America,2009.0,-13335448.0,2.53508906
707,South America,2010.0,91203237.0,2.47422878
708,South America,2011.0,12302150.0,2.681258809
709,South America,2012.0,65824943.00000001,2.685089207
710,South America,2013.0,27752381.0,2.822658604
711,South America,2014.0,36142662.0,2.863563016
712,South America,2015.0,-41520475.0,2.924536723
713,South America,2016.0,-3958725.0,2.796375684
714,South America,2017.0,-21451707.0,2.761346971
715,South America,2018.0,-30017326.0,2.68566742
716,South America,2019.0,-11848559.0,2.591481281
717,Angola,1951.0,62288.0,2.541794461
718,Angola,1952.0,62288.0,0.041087071
719,Angola,1953.0,-36759.0,0.053964046
720,Angola,1954.0,73223.0,0.066081052
721,Angola,1955.0,65831.0,0.056952312
722,Angola,1956.0,87876.0,0.070482982
723,Angola,1957.0,117070.0,0.082041444
724,Angola,1958.0,-25796.0,0.097570706
725,Angola,1959.0,25707.0,0.118339901
726,Angola,1960.0,-69641.0,0.111717543
727,Angola,1961.0,-95244.0,0.114958558
728,Angola,1962.0,725420.0,0.100632631
729,Angola,1963.0,-29404.0,0.082029832
730,Angola,1964.0,73191.0,0.210258024
731,Angola,1965.0,-36759.0,0.202451664
732,Angola,1966.0,366311.0,0.213236966
733,Angola,1967.0,-560651.0,0.205537169
734,Angola,1968.0,677724.0,0.268546272
735,Angola,1969.0,1113554.0,0.171772601
736,Angola,1970.0,794824.0,0.289247921
737,Angola,1971.0,-172534.0,0.479512922
738,Angola,1972.0,1095149.0,0.607456197
739,Angola,1973.0,373132.0,0.563711803
740,Angola,1974.0,-7266.0,0.720200352
741,Angola,1975.0,-457587.0,0.75014068
742,Angola,1976.0,-1128769.0,0.719668441
743,Angola,1977.0,247469.0,0.627678104
744,Angola,1978.0,1872297.0,0.45055522
745,Angola,1979.0,89383.0,0.468212238
746,Angola,1980.0,-154839.0,0.693082788
747,Angola,1981.0,-67578.0,0.681210102
748,Angola,1982.0,-631595.0,0.639533869
749,Angola,1983.0,465356.0,0.609580324
750,Angola,1984.0,-114688.0,0.517723556
751,Angola,1985.0,-309733.0,0.549745096
752,Angola,1986.0,-42274.0,0.51854883
753,Angola,1987.0,1152189.0,0.469395101
754,Angola,1988.0,-736723.0,0.449015504
755,Angola,1989.0,-126556.0,0.541306858
756,Angola,1990.0,165946.0,0.456207626
757,Angola,1991.0,-25808.0,0.429746835
758,Angola,1992.0,102156.0,0.429498312
759,Angola,1993.0,583339.0,0.413330721
760,Angola,1994.0,-1882787.0,0.40807806
761,Angola,1995.0,7082707.0,0.439646883
762,Angola,1996.0,-523478.0,0.286255628
763,Angola,1997.0,-3076976.0,0.785105988
764,Angola,1998.0,-78243.0,0.72389591
765,Angola,1999.0,1860172.0,0.494072687
766,Angola,2000.0,385283.0,0.473281641
767,Angola,2001.0,156458.0,0.575394088
768,Angola,2002.0,2926026.0,0.580363586
769,Angola,2003.0,-3609177.0,0.570725776
770,Angola,2004.0,9713564.0,0.719079
771,Angola,2005.0,304498.0,0.496019425
772,Angola,2006.0,3095977.0,0.997010982
773,Angola,2007.0,2873697.0,0.977998868
774,Angola,2008.0,509900.0,1.096893648
775,Angola,2009.0,2079499.0,1.194743076
776,Angola,2010.0,1298969.0,1.174686763
777,Angola,2011.0,1465230.0,1.224371635
778,Angola,2012.0,3470862.0,1.235848262
779,Angola,2013.0,-572063.0,1.252206845
780,Angola,2014.0,11020325.0,1.346206946
781,Angola,2015.0,-10269801.0,1.27723328
782,Angola,2016.0,131923.0,1.642373469
783,Angola,2017.0,3359888.0,1.218585031
784,Angola,2018.0,207769.0,1.18268317
785,Angola,2019.0,341692.0,1.256693698
786,India,1900.0,1878445.0,1.222934275
787,India,1901.0,1251810.0,1.19466762
788,India,1902.0,1338333.0,0.049160541
789,India,1903.0,286748.0,0.054076903
790,India,1904.0,1761442.0,0.059304548
791,India,1905.0,370375.0,0.06021408
792,India,1906.0,2623177.0,0.067078028
793,India,1907.0,2227466.0,0.068280871
794,India,1908.0,3141165.0,0.07850378
795,India,1909.0,-768546.0,0.087061145
796,India,1910.0,-654754.0,0.099172372
797,India,1911.0,1297329.0,0.095704279
798,India,1912.0,3745531.0,0.092712609
799,India,1913.0,2950246.0,0.097405462
800,India,1914.0,232226.0,0.111620265
801,India,1915.0,1445678.0,0.122548022
802,India,1916.0,376275.0,0.122781634
803,India,1917.0,1505410.0,0.127604525
804,India,1918.0,4347785.0,0.128279429
805,India,1919.0,3621696.0,0.133230109
806,India,1920.0,-8122097.0,0.148910744
807,India,1921.0,2641947.0,0.161668811
808,India,1922.0,-603109.0,0.130424031
809,India,1923.0,1070642.0,0.139495322
810,India,1924.0,2661055.0,0.136478886
811,India,1925.0,-543931.0,0.139636673
812,India,1926.0,-142026.0,0.148559895
813,India,1927.0,1944765.0,0.14574453
814,India,1928.0,-1809320.0,0.144406817
815,India,1929.0,1637793.0,0.150568427
816,India,1930.0,692882.0,0.14325965
817,India,1931.0,-3555328.0,0.147906593
818,India,1932.0,-2726680.0,0.148798521
819,India,1933.0,-663327.0,0.134613518
820,India,1934.0,4151138.000000001,0.123594175
821,India,1935.0,1785319.0,0.119789017
822,India,1936.0,-710052.0,0.13208539
823,India,1937.0,4390767.0,0.136275661
824,India,1938.0,5323231.0,0.132242011
825,India,1939.0,-1069314.0,0.144628381
826,India,1940.0,3002613.0,0.159628047
827,India,1941.0,1271823.0,0.154262798
828,India,1942.0,-51667.0,0.161561279
829,India,1943.0,-6897981.0,0.163443431
830,India,1944.0,1053582.0,0.16133478
831,India,1945.0,5188028.0,0.138953489
832,India,1946.0,-649926.0,0.140440409
833,India,1947.0,957817.0,0.153885414
834,India,1948.0,23727.0,0.150067945
835,India,1949.0,2988842.0,0.150885714
836,India,1950.0,4911396.0,0.148921576
837,India,1951.0,2923238.0,0.15349598
838,India,1952.0,3410663.0,0.162629773
839,India,1953.0,1280632.0,0.167700692
840,India,1954.0,3711676.0,0.173702987
841,India,1955.0,6379994.0,0.173978574
842,India,1956.0,2871345.0,0.18015807
843,India,1957.0,9993475.0,0.192514053
844,India,1958.0,4186044.0,0.195905056
845,India,1959.0,5638460.0,0.215798089
846,India,1960.0,9893549.0,0.221418836
847,India,1961.0,9092432.0,0.229962434
848,India,1962.0,12193049.0,0.247455818
849,India,1963.0,9876103.0,0.262341475
850,India,1964.0,-2964355.0,0.283058447
851,India,1965.0,14233533.0,0.297920983
852,India,1966.0,5672457.0,0.285749257
853,India,1967.0,186418.0,0.308383872
854,India,1968.0,14522414.0,0.313155263
855,India,1969.0,3343158.0,0.30703316
856,India,1970.0,4309633.0,0.327936386
857,India,1971.0,10247479.0,0.327105793
858,India,1972.0,11086268.0,0.327735659
859,India,1973.0,6065529.0,0.338464281
860,India,1974.0,6772901.0,0.349843176
861,India,1975.0,18385538.0,0.351992951
862,India,1976.0,10554539.0,0.355004394
863,India,1977.0,14228558.0,0.376363603
864,India,1978.0,4182504.0,0.384341725
865,India,1979.0,13146371.0,0.397444499
866,India,1980.0,15457870.0,0.394724898
867,India,1981.0,23279536.0,0.405017972
868,India,1982.0,10419135.0,0.417886629
869,India,1983.0,26855402.0,0.440829272
870,India,1984.0,9358652.0,0.444911845
871,India,1985.0,36073773.0,0.470541172
872,India,1986.0,28754949.0,0.472066065
873,India,1987.0,29069089.0,0.507508824
874,India,1988.0,36397099.0,0.532216818
875,India,1989.0,49001526.0,0.556183578
876,India,1990.0,37394723.0,0.587831624
877,India,1991.0,37418946.0,0.632842453
878,India,1992.0,40116671.0,0.662660684
879,India,1993.0,21893141.0,0.691265119
880,India,1994.0,39011697.0,0.721673338
881,India,1995.0,45210451.0,0.731197775
882,India,1996.0,63813310.0,0.758381935
883,India,1997.0,33778077.0,0.790870128
884,India,1998.0,18010172.0,0.840981946
885,India,1999.0,73731723.0,0.859156087
886,India,2000.0,26755767.0,0.861160591
887,India,2001.0,14102207.0,0.916780382
888,India,2002.0,30319817.0,0.926035573
889,India,2003.0,36566926.0,0.923282893
890,India,2004.0,65847758.0,0.935546592
891,India,2005.0,60496998.0,0.953121047
892,India,2006.0,73761795.0,0.996140863
893,India,2007.0,98393141.0,1.033243597
894,India,2008.0,104658386.0,1.08068438
895,India,2009.0,149940681.0,1.147654937
896,India,2010.0,65964006.0,1.218131584
897,India,2011.0,87586363.0,1.324201614
898,India,2012.0,175247614.0,1.359883796
899,India,2013.0,92099641.0,1.412526586
900,India,2014.0,151019873.0,1.533688874
901,India,2015.0,68996614.0,1.587559059
902,India,2016.0,138930946.0,1.686037698
903,India,2017.0,64487913.00000001,1.719975157
904,India,2018.0,134476098.0,1.806212938
905,India,2019.0,25125081.0,1.835280397
906,New Zealand,1900.0,263808.0,1.915749804
907,New Zealand,1901.0,300448.0,1.914823083
908,New Zealand,1902.0,300448.0,2.992234393
909,New Zealand,1903.0,128240.0,3.283472727
910,New Zealand,1904.0,263808.0,3.568426364
911,New Zealand,1905.0,106256.0,3.629064486
912,New Zealand,1906.0,322432.0,3.832704442
913,New Zealand,1907.0,223504.0,3.84782318
914,New Zealand,1908.0,65952.0,4.089264064
915,New Zealand,1909.0,113584.0,4.210001298
916,New Zealand,1910.0,637536.0,4.169759014
917,New Zealand,1911.0,-293120.0,4.182262851
918,New Zealand,1912.0,252816.0,4.694287301
919,New Zealand,1913.0,-648528.0,4.31776769
920,New Zealand,1914.0,868368.0,4.447736809
921,New Zealand,1915.0,-150224.0,3.767248825
922,New Zealand,1916.0,106256.0,4.463877238
923,New Zealand,1917.0,-421360.0,4.290521301
924,New Zealand,1918.0,-73280.0,4.371590389
925,New Zealand,1919.0,-414032.0,4.001365962
926,New Zealand,1920.0,-571584.0,3.892879329
927,New Zealand,1921.0,-58624.0,3.450460289
928,New Zealand,1922.0,62288.0,2.877514063
929,New Zealand,1923.0,274800.0,2.749345884
930,New Zealand,1924.0,153888.0,2.737375772
931,New Zealand,1925.0,98928.0,2.893030783
932,New Zealand,1926.0,183200.0,2.951243524
933,New Zealand,1927.0,223504.0,2.961650866
934,New Zealand,1928.0,219009.0,3.03071345
935,New Zealand,1929.0,179565.0,3.135903172
936,New Zealand,1930.0,-29283.0,3.244186287
937,New Zealand,1931.0,-626394.0,3.325055403
938,New Zealand,1932.0,-699795.0,3.260876472
939,New Zealand,1933.0,7210.0,2.805932633
940,New Zealand,1934.0,436728.0,2.318639177
941,New Zealand,1935.0,168039.0,2.304249818
942,New Zealand,1936.0,25529.0,2.56857654
943,New Zealand,1937.0,205095.0,2.658100282
944,New Zealand,1938.0,-135746.0,2.654625198
945,New Zealand,1939.0,216116.0,2.760438199
946,New Zealand,1940.0,296844.0,2.644933947
947,New Zealand,1941.0,241824.0,2.751584143
948,New Zealand,1942.0,95264.0,2.919648757
949,New Zealand,1943.0,274770.0,3.060511657
950,New Zealand,1944.0,98928.0,3.12072753
951,New Zealand,1945.0,150193.0,3.272310559
952,New Zealand,1946.0,-87905.0,3.299763744
953,New Zealand,1947.0,-80578.0,3.30663177
954,New Zealand,1948.0,51177.0,3.166149442
955,New Zealand,1949.0,106227.0,3.036079454
956,New Zealand,1950.0,2960511.0,3.002188492
957,New Zealand,1951.0,-398990.0,2.99962134
958,New Zealand,1952.0,1150080.0,4.491119497
959,New Zealand,1953.0,-769499.0,4.194079055
960,New Zealand,1954.0,516446.0,4.676440542
961,New Zealand,1955.0,325739.0,4.191493627
962,New Zealand,1956.0,281979.0,4.34247749
963,New Zealand,1957.0,629852.0,4.397393258
964,New Zealand,1958.0,-124665.0,4.431887769
965,New Zealand,1959.0,139232.0,4.620925112
966,New Zealand,1960.0,1212546.0,4.472758348
967,New Zealand,1961.0,223355.0,4.442199742
968,New Zealand,1962.0,-556839.0,4.859576907
969,New Zealand,1963.0,1018236.0,4.849476485
970,New Zealand,1964.0,875428.0,4.520909164
971,New Zealand,1965.0,593330.0,4.828667194
972,New Zealand,1966.0,314986.0,5.07243549
973,New Zealand,1967.0,-373490.0,5.209473163
974,New Zealand,1968.0,-153680.0,5.249445819
975,New Zealand,1969.0,783947.0,5.041354791
976,New Zealand,1970.0,-77063.0,4.922580197
977,New Zealand,1971.0,869026.0,5.139527397
978,New Zealand,1972.0,1140603.0,5.031932576
979,New Zealand,1973.0,2010757.0,5.241731801
980,New Zealand,1974.0,559648.0,5.52546587
981,New Zealand,1975.0,-489659.0,6.089117431
982,New Zealand,1976.0,978218.0,6.167001972
983,New Zealand,1977.0,1064904.0,5.926163153
984,New Zealand,1978.0,-2289389.0,6.191244452
985,New Zealand,1979.0,-1529587.0,6.506560858
986,New Zealand,1980.0,984447.0,5.760336849
987,New Zealand,1981.0,-917886.0,5.261405742
988,New Zealand,1982.0,1709272.0,5.554163966
989,New Zealand,1983.0,-272143.0,5.232564929
990,New Zealand,1984.0,1338542.0,5.72917529
991,New Zealand,1985.0,2521373.0,5.596454291
992,New Zealand,1986.0,1088027.0,5.962608387
993,New Zealand,1987.0,1219285.0,6.688528764
994,New Zealand,1988.0,1284072.0,6.974510334
995,New Zealand,1989.0,3860.0,7.298527333
996,New Zealand,1990.0,-7068.0,7.635612361
997,New Zealand,1991.0,664096.0,7.573149658
998,New Zealand,1992.0,1994691.0,7.488607416
999,New Zealand,1993.0,-405614.0,7.577012188
1000,New Zealand,1994.0,180868.0,8.023144448
1001,New Zealand,1995.0,121476.0,7.772014871
1002,New Zealand,1996.0,1293273.0,7.695370963
1003,New Zealand,1997.0,1994260.0,7.619538776
1004,New Zealand,1998.0,-1406558.0,7.881376917
1005,New Zealand,1999.0,1589493.0,8.3393758
1006,New Zealand,2000.0,809079.0,7.897140592
1007,New Zealand,2001.0,2176090.0,8.243130697
1008,New Zealand,2002.0,180659.0,8.365211713
1009,New Zealand,2003.0,1713803.0,8.817155067
1010,New Zealand,2004.0,-411793.0,8.740373707
1011,New Zealand,2005.0,1630928.0,9.03826554
1012,New Zealand,2006.0,-104710.0,8.808850735
1013,New Zealand,2007.0,-906445.0,9.086103748
1014,New Zealand,2008.0,1032433.0,8.950389154
1015,New Zealand,2009.0,-2829882.0,8.63687314
1016,New Zealand,2010.0,195349.0,8.787357878
1017,New Zealand,2011.0,-708213.0,8.041275734
1018,New Zealand,2012.0,1750862.0,7.999492906
1019,New Zealand,2013.0,-759496.0,7.750525232
1020,New Zealand,2014.0,216867.0,8.057393241
1021,New Zealand,2015.0,381390.0,7.798392786
1022,New Zealand,2016.0,-1571570.0,7.762216287
1023,New Zealand,2017.0,1885708.0,7.76580585
1024,New Zealand,2018.0,-1072991.0,7.355145739
1025,New Zealand,2019.0,1460622.0,7.688926414
1026,United States,1900.0,38590296.0,7.396234662
1027,United States,1901.0,59058807.0,7.639758102
1028,United States,1902.0,43456492.0,8.538319151
1029,United States,1903.0,130298818.0,9.122886129
1030,United States,1904.0,-13984415.0,9.497449853
1031,United States,1905.0,105036338.0,10.90210759
1032,United States,1906.0,49820149.0,10.52763183
1033,United States,1907.0,168594839.0,11.55214396
1034,United States,1908.0,-150745203.0,11.89773465
1035,United States,1909.0,113608212.0,13.5796905
1036,United States,1910.0,106872434.0,11.64983417
1037,United States,1911.0,-12680985.0,12.65961513
1038,United States,1912.0,85166035.0,13.56314047
1039,United States,1913.0,99759189.0,13.18047842
1040,United States,1914.0,-124762276.0,13.82833305
1041,United States,1915.0,49361864.0,14.57984277
1042,United States,1916.0,151491882.0,13.08616141
1043,United States,1917.0,152310723.0,13.35719014
1044,United States,1918.0,75164665.0,14.61870996
1045,United States,1919.0,-267762688.00000003,15.86727593
1046,United States,1920.0,260576722.00000003,16.4160506
1047,United States,1921.0,-314027006.0,13.77278385
1048,United States,1922.0,12791762.0,15.98899349
1049,United States,1923.0,462715292.0,12.90992353
1050,United States,1924.0,-197354465.0,12.80922253
1051,United States,1925.0,46127035.0,16.63472339
1052,United States,1926.0,147934549.0,14.66052466
1053,United States,1927.0,-43139428.0,14.82006216
1054,United States,1928.0,-31876323.0,15.84462852
1055,United States,1929.0,132617266.0,15.28288359
1056,United States,1930.0,-217998791.0,14.83922461
1057,United States,1931.0,-259495650.0,15.73508898
1058,United States,1932.0,-226606038.0,13.84725151
1059,United States,1933.0,90849274.0,11.6845403
1060,United States,1934.0,87280391.0,9.833093289
1061,United States,1935.0,55716881.0,10.47877685
1062,United States,1936.0,220557187.0,11.08665457
1063,United States,1937.0,78975553.0,11.44213585
1064,United States,1938.0,-276339764.0,13.05091987
1065,United States,1939.0,154500847.0,13.56142601
1066,United States,1940.0,203659910.0,11.38390092
1067,United States,1941.0,167767822.0,12.44512636
1068,United States,1942.0,154652213.0,13.84377982
1069,United States,1943.0,73501704.0,14.94030837
1070,United States,1944.0,172861421.0,15.89001843
1071,United States,1945.0,-85022827.0,16.22224214
1072,United States,1946.0,-102118870.0,17.245708
1073,United States,1947.0,227749549.0,16.46047915
1074,United States,1948.0,96352678.0,15.5348012
1075,United States,1949.0,-417016624.0,16.83965749
1076,United States,1950.0,375715510.0,17.18349767
1077,United States,1951.0,76623787.0,13.98757432
1078,United States,1952.0,-67339633.0,15.96997363
1079,United States,1953.0,60677316.0,16.24098338
1080,United States,1954.0,-122761090.0,15.5903853
1081,United States,1955.0,237726829.0,15.70765573
1082,United States,1956.0,131361635.0,14.71704954
1083,United States,1957.0,-24073477.0,15.84892698
1084,United States,1958.0,-87953677.0,16.32686338
1085,United States,1959.0,82647281.0,15.91164568
1086,United States,1960.0,64815769.0,15.15784998
1087,United States,1961.0,-10450584.0,15.36028132
1088,United States,1962.0,106631896.0,15.46596556
1089,United States,1963.0,132020628.0,15.17840295
1090,United States,1964.0,136732790.0,15.51630013
1091,United States,1965.0,135437516.0,15.98517623
1092,United States,1966.0,170986482.0,16.4773219
1093,United States,1967.0,134119011.0,16.96352488
1094,United States,1968.0,135007883.0,17.62877501
1095,United States,1969.0,193196563.0,18.11283841
1096,United States,1970.0,303998208.0,18.60152791
1097,United States,1971.0,25807863.0,19.36589535
1098,United States,1972.0,207143954.0,20.64550166
1099,United States,1973.0,203999570.0,20.58485357
1100,United States,1974.0,-169493951.0,21.37409219
1101,United States,1975.0,-192163253.0,22.13251309
1102,United States,1976.0,206373179.0,21.15449458
1103,United States,1977.0,128198131.0,20.08752548
1104,United States,1978.0,147597696.0,20.83880565
1105,United States,1979.0,11078861.0,21.22188404
1106,United States,1980.0,-177326520.0,21.68057366
1107,United States,1981.0,-186346512.0,21.52751047
1108,United States,1982.0,-228399152.0,20.55429045
1109,United States,1983.0,33945872.0,19.55814227
1110,United States,1984.0,132345491.0,18.39848556
1111,United States,1985.0,16076128.0,18.37019262
1112,United States,1986.0,3517687.0,18.75395982
1113,United States,1987.0,192978183.0,18.64589681
1114,United States,1988.0,204756451.0,18.48657218
1115,United States,1989.0,62430660.0,19.10131361
1116,United States,1990.0,180279454.0,19.74997374
1117,United States,1991.0,-49411041.0,19.81380058
1118,United States,1992.0,103817144.0,20.34071322
1119,United States,1993.0,100730875.0,19.95328581
1120,United States,1994.0,93595113.0,20.16687961
1121,United States,1995.0,61872996.0,20.35755743
1122,United States,1996.0,188006197.0,20.50416553
1123,United States,1997.0,76795067.0,20.51147857
1124,United States,1998.0,47345012.0,20.96972714
1125,United States,1999.0,79245656.0,20.99158418
1126,United States,2000.0,167772798.0,20.89961593
1127,United States,2001.0,-97633838.0,20.93103392
1128,United States,2002.0,42215739.0,21.2915728
1129,United States,2003.0,49307298.0,20.73180162
1130,United States,2004.0,115658613.0,20.68599574
1131,United States,2005.0,24274730.0,20.67504773
1132,United States,2006.0,-80841954.0,20.89110184
1133,United States,2007.0,77378618.0,20.78650179
1134,United States,2008.0,-197889997.0,20.32197468
1135,United States,2009.0,-439503916.0,20.38678159
1136,United States,2010.0,207020052.0,19.54139344
1137,United States,2011.0,-132761378.0,17.92651752
1138,United States,2012.0,-197725846.0,18.43965306
1139,United States,2013.0,146460739.0,17.86129712
1140,United States,2014.0,47689922.0,17.09177235
1141,United States,2015.0,-149287022.0,17.42734515
1142,United States,2016.0,-120164633.0,17.45274735
1143,United States,2017.0,-38661431.0,16.86756937
1144,United States,2018.0,171275372.0,16.3839177
1145,United States,2019.0,-140184845.0,16.16071569
1146,Europe,1900.0,56134484.0,16.5849827
1147,Europe,1901.0,-10553673.0,16.05973527
1148,Europe,1902.0,893426.0,3.003873743
1149,Europe,1903.0,49100532.0,2.951546638
1150,Europe,1904.0,23167055.0,2.928278904
1151,Europe,1905.0,37363609.0,3.022061738
1152,Europe,1906.0,41610757.0,3.051522089
1153,Europe,1907.0,145291643.0,3.114002832
1154,Europe,1908.0,24406955.0,3.185132347
1155,Europe,1909.0,1548867.0,3.498799369
1156,Europe,1910.0,19801673.0,3.52486198
1157,Europe,1911.0,35454691.0,3.497693404
1158,Europe,1912.0,58229283.0,3.513428429
1159,Europe,1913.0,134756416.0,3.563977166
1160,Europe,1914.0,-193295312.0,3.667584153
1161,Europe,1915.0,-80989647.0,3.942403721
1162,Europe,1916.0,68236926.0,3.491235365
1163,Europe,1917.0,-27655736.0,3.298682001
1164,Europe,1918.0,-138569560.0,3.443573021
1165,Europe,1919.0,-210230653.0,3.381278088
1166,Europe,1920.0,189205239.0,3.08575029
1167,Europe,1921.0,-119847666.0,2.625002898
1168,Europe,1922.0,144670914.0,3.039543046
1169,Europe,1923.0,-62237898.0,2.752917912
1170,Europe,1924.0,205725150.0,3.0426922
1171,Europe,1925.0,-14720059.0,2.880600684
1172,Europe,1926.0,-218634730.0,3.294575945
1173,Europe,1927.0,361410259.0,3.235109266
1174,Europe,1928.0,6585273.0,2.749095895
1175,Europe,1929.0,143226380.0,3.481181726
1176,Europe,1930.0,-99600772.0,3.468476912
1177,Europe,1931.0,-114944287.0,3.735945773
1178,Europe,1932.0,-113778432.0,3.503636057
1179,Europe,1933.0,44106035.0,3.243686772
1180,Europe,1934.0,144598641.0,2.990676042
1181,Europe,1935.0,84271414.0,3.0564648
1182,Europe,1936.0,109225020.0,3.319993157
1183,Europe,1937.0,160016802.0,3.461231266
1184,Europe,1938.0,9187214.0,3.649100955
1185,Europe,1939.0,48131479.0,3.931891562
1186,Europe,1940.0,132632949.0,3.919529473
1187,Europe,1941.0,-84381056.0,3.987147578
1188,Europe,1942.0,-144391123.0,4.223781616
1189,Europe,1943.0,6506901.0,4.053696849
1190,Europe,1944.0,-114862463.0,3.77255076
1191,Europe,1945.0,-656119914.0,3.775791527
1192,Europe,1946.0,422745160.0,3.556976566
1193,Europe,1947.0,249755027.0,2.318565844
1194,Europe,1948.0,147980098.0,3.107752465
1195,Europe,1949.0,185903519.0,3.553677458
1196,Europe,1950.0,139710793.0,3.793904825
1197,Europe,1951.0,246250456.0,4.102118879
1198,Europe,1952.0,83169084.0,4.322098206
1199,Europe,1953.0,76980284.0,4.727113223
1200,Europe,1954.0,177650718.0,4.830259625
1201,Europe,1955.0,262253171.0,4.918619012
1202,Europe,1956.0,210373641.0,5.18054891
1203,Europe,1957.0,146779745.0,5.583764762
1204,Europe,1958.0,37464748.0,5.890111106
1205,Europe,1959.0,80725012.0,6.082684347
1206,Europe,1960.0,225442454.0,6.0873455
1207,Europe,1961.0,134731640.0,6.16329379
1208,Europe,1962.0,226408330.0,6.475385719
1209,Europe,1963.0,301889446.0,6.631872972
1210,Europe,1964.0,208965695.0,6.932790626
1211,Europe,1965.0,152973409.0,7.349599384
1212,Europe,1966.0,148849295.0,7.613900886
1213,Europe,1967.0,113360026.0,7.789767403
1214,Europe,1968.0,243806919.0,7.961712648
1215,Europe,1969.0,302536245.0,8.08088716
1216,Europe,1970.0,289331986.0,8.403077363
1217,Europe,1971.0,217559545.0,8.812777171
1218,Europe,1972.0,225343489.0,9.19752714
1219,Europe,1973.0,302536164.0,9.468911163
1220,Europe,1974.0,17427547.0,9.748982109
1221,Europe,1975.0,24083937.0,10.14188523
1222,Europe,1976.0,390856470.0,10.10861226
1223,Europe,1977.0,46667957.0,10.08788884
1224,Europe,1978.0,234171924.0,10.60846973
1225,Europe,1979.0,199409178.0,10.62288794
1226,Europe,1980.0,-658424.0,10.91195194
1227,Europe,1981.0,-279693544.0,11.14997213
1228,Europe,1982.0,-59349246.0,11.09948989
1229,Europe,1983.0,8874139.0,10.65116908
1230,Europe,1984.0,45230703.0,10.52347482
1231,Europe,1985.0,322600167.0,10.49503146
1232,Europe,1986.0,16689318.0,10.51843644
1233,Europe,1987.0,17094160.0,10.93276636
1234,Europe,1988.0,47207525.0,10.91250383
1235,Europe,1989.0,-24020123.0,10.89268053
1236,Europe,1990.0,214119355.0,10.91618184
1237,Europe,1991.0,-295427185.0,10.84367191
1238,Europe,1992.0,-627623106.0,11.10668831
1239,Europe,1993.0,-288573961.0,10.6685241
1240,Europe,1994.0,-354002734.0,9.778678359
1241,Europe,1995.0,-16386744.0,9.363975386
1242,Europe,1996.0,47509324.0,8.865673104
1243,Europe,1997.0,-204520602.0,8.837300492
1244,Europe,1998.0,-25025058.0,8.90208748
1245,Europe,1999.0,-88091192.0,8.624976802
1246,Europe,2000.0,1727336.0,8.59664235
1247,Europe,2001.0,127015341.0,8.480352248
1248,Europe,2002.0,-32683572.0,8.484284159
1249,Europe,2003.0,145717655.0,8.656485945
1250,Europe,2004.0,30829805.0,8.604930236
1251,Europe,2005.0,-9742152.0,8.79527438
1252,Europe,2006.0,97878469.0,8.825108961
1253,Europe,2007.0,-48238736.0,8.797812039
1254,Europe,2008.0,-72515989.0,8.916369892
1255,Europe,2009.0,-511080984.0,8.833382901
1256,Europe,2010.0,227544374.0,8.716668933
1257,Europe,2011.0,-80688514.0,8.003929851
1258,Europe,2012.0,-53454879.0,8.296312277
1259,Europe,2013.0,-156518797.0,8.170807188
1260,Europe,2014.0,-226047039.0,8.083312601
1261,Europe,2015.0,5688990.0,7.857702457
1262,Europe,2016.0,-7006152.0,7.539776739
1263,Europe,2017.0,30256123.0,7.534774956
1264,Europe,2018.0,-26132761.0,7.513064468
1265,Europe,2019.0,-153263829.0,7.54201133
1266,North America,1900.0,40294056.0,7.49679494
1267,North America,1901.0,62587239.0,7.284214098
1268,North America,1902.0,45372764.0,6.456885966
1269,North America,1903.0,132742706.0,6.922195254
1270,North America,1904.0,-8686271.0,7.218364121
1271,North America,1905.0,107315346.0,8.273639332
1272,North America,1906.0,52033205.0,8.045945632
1273,North America,1907.0,178542599.0,8.819439036
1274,North America,1908.0,-148821603.0,9.094121157
1275,North America,1909.0,111534388.0,10.41331758
1276,North America,1910.0,113610530.0,9.007285
1277,North America,1911.0,271255.0,9.735600122
1278,North America,1912.0,92472051.0,10.46030408
1279,North America,1913.0,114906165.0,10.28456107
1280,North America,1914.0,-137197892.0,10.82369732
1281,North America,1915.0,46313416.0,11.50003447
1282,North America,1916.0,169782570.0,10.3049098
1283,North America,1917.0,170158067.0,10.49252296
1284,North America,1918.0,84192761.0,11.5735645
1285,North America,1919.0,-270869760.0,12.63869676
1286,North America,1920.0,304445794.0,13.10595053
1287,North America,1921.0,-303947342.0,11.09858472
1288,North America,1922.0,-3238238.0,13.04523339
1289,North America,1923.0,473201660.0,10.80121447
1290,North America,1924.0,-216671073.0,10.60552592
1291,North America,1925.0,33493563.0,13.51644797
1292,North America,1926.0,145173908.0,11.90076751
1293,North America,1927.0,-48638234.0,11.92193737
1294,North America,1928.0,-36514142.0,12.64863957
1295,North America,1929.0,136370285.0,12.17154311
1296,North America,1930.0,-224287041.0,11.78807934
1297,North America,1931.0,-282275657.0,12.44992826
1298,North America,1932.0,-232634479.0,10.9791718
1299,North America,1933.0,91511106.0,9.212422094
1300,North America,1934.0,100615577.0,7.780652146
1301,North America,1935.0,57495553.0,8.234737396
1302,North America,1936.0,229155102.0,8.730767665
1303,North America,1937.0,90834785.0,8.97571016
1304,North America,1938.0,-283771372.0,10.17306684
1305,North America,1939.0,163431222.0,10.58290662
1306,North America,1940.0,218978545.0,8.928855208
1307,North America,1941.0,178000220.0,9.721951505
1308,North America,1942.0,162517014.0,10.78590352
1309,North America,1943.0,80409788.0,11.59430128
1310,North America,1944.0,176922445.0,12.28027802
1311,North America,1945.0,-92018660.0,12.51568594
1312,North America,1946.0,-91133609.0,13.22382666
1313,North America,1947.0,237836873.0,12.57289404
1314,North America,1948.0,113162089.0,11.91631234
1315,North America,1949.0,-432062884.0,12.84793454
1316,North America,1950.0,384968761.0,13.12945227
1317,North America,1951.0,91957734.0,10.75743502
1318,North America,1952.0,-68381723.0,12.03643822
1319,North America,1953.0,61823257.0,12.23799592
1320,North America,1954.0,-119346593.0,11.72887392
1321,North America,1955.0,248866686.0,11.76466016
1322,North America,1956.0,154616876.0,11.04517011
1323,North America,1957.0,-16416452.0,11.82151491
1324,North America,1958.0,-78698293.0,12.18995165
1325,North America,1959.0,87675884.0,11.8806966
1326,North America,1960.0,75086078.0,11.34641421
1327,North America,1961.0,-5183118.0,11.4477605
1328,North America,1962.0,123709280.0,11.49978878
1329,North America,1963.0,132365487.0,11.26576878
1330,North America,1964.0,178261772.0,11.49298982
1331,North America,1965.0,151597190.0,11.74481682
1332,North America,1966.0,184437974.0,12.14675803
1333,North America,1967.0,168841183.0,12.4512551
1334,North America,1968.0,162656609.0,12.85828321
1335,North America,1969.0,208398170.0,13.20744217
1336,North America,1970.0,358743751.0,13.52918299
1337,North America,1971.0,55222927.0,13.98462248
1338,North America,1972.0,245704708.0,14.88762604
1339,North America,1973.0,225550223.0,14.84046607
1340,North America,1974.0,-150218951.0,15.36120665
1341,North America,1975.0,-169429599.0,15.80555173
1342,North America,1976.0,234018950.0,15.14396189
1343,North America,1977.0,151208850.0,14.44543942
1344,North America,1978.0,183294363.0,14.90599757
1345,North America,1979.0,58847103.0,15.12234509
1346,North America,1980.0,-148804259.0,15.41996404
1347,North America,1981.0,-189533053.0,15.37092966
1348,North America,1982.0,-222218982.0,14.76634614
1349,North America,1983.0,-4063967.0,14.06894224
1350,North America,1984.0,150454925.0,13.30363389
1351,North America,1985.0,27129903.0,13.11774976
1352,North America,1986.0,-11536885.0,13.32738409
1353,North America,1987.0,237026644.0,13.22154395
1354,North America,1988.0,229401661.0,13.02133239
1355,North America,1989.0,127768164.0,13.43103763
1356,North America,1990.0,134389255.0,13.81045926
1357,North America,1991.0,-47046257.0,13.93743837
1358,North America,1992.0,118756422.0,14.07572308
1359,North America,1993.0,105222459.0,13.78949876
1360,North America,1994.0,127247130.0,13.88914021
1361,North America,1995.0,64203396.99999999,13.95353357
1362,North America,1996.0,225395810.0,14.06109744
1363,North America,1997.0,115364535.0,14.02167817
1364,North America,1998.0,78860353.0,14.32710532
1365,North America,1999.0,101833807.0,14.38320895
1366,North America,2000.0,203815319.0,14.35916083
1367,North America,2001.0,-84870361.0,14.3870493
1368,North America,2002.0,54361978.0,14.63151932
1369,North America,2003.0,97243647.0,14.29000945
1370,North America,2004.0,112908484.0,14.24415532
1371,North America,2005.0,48664034.0,14.2882755
1372,North America,2006.0,-65385847.0,14.36108188
1373,North America,2007.0,109657142.0,14.30203933
1374,North America,2008.0,-203467711.0,14.01821511
1375,North America,2009.0,-492466122.0,14.07096335
1376,North America,2010.0,217342459.0,13.52920059
1377,North America,2011.0,-103436751.0,12.46039306
1378,North America,2012.0,-184455107.0,12.73021668
1379,North America,2013.0,148331538.0,12.41099549
1380,North America,2014.0,39871525.0,11.95444424
1381,North America,2015.0,-142267653.0,12.10697279
1382,North America,2016.0,-133628538.0,12.06678798
1383,North America,2017.0,-54489000.0,11.70894138
1384,North America,2018.0,178151990.0,11.37520642
1385,North America,2019.0,-158305798.0,11.18685127
1386,,,,11.40340632
1387,,,,11.04426147
